243
-243
710
-710
899
-899
789
-789
885
-885
548
-548
816
-816
796
-796
864
-864
897
-897
999
-999
394
-394
432
-432
623
-623
601
-601
33
-33
761
-761
100
-100
727
-727
934
-934
530
-530
820
-820
639
-639
137
-137
899
-899
773
-773
66
-66
382
-382
574
-574
762
-762
478
-478
272
-272
207
-207
72
-72
535
-535
33
-33
974
-974
868
-868
769
-769
145
-145
3
-3
465
-465
182
-182
700
-700
48
-48
578
-578
804
-804
959
-959
246
-246
659
-659
850
-850
542
-542
525
-525
620
-620
538
-538
274
-274
988
-988
972
-972
485
-485
260
-260
81
-81
491
-491
2
-2
244
-244
735
-735
826
-826
191
-191
480
-480
845
-845
285
-285
836
-836
198
-198
184
-184
943
-943
493
-493
743
-743
347
-347
699
-699
212
-212
692
-692
281
-281
799
-799
10
-10
983
-983
971
-971
855
-855
403
-403
101
-101
348
-348
246
-246
27
-27
4
-4
191
-191
39
-39
686
-686
87
-87
808
-808
577
-577
774
-774
239
-239
267
-267
439
-439
701
-701
614
-614
267
-267
713
-713
153
-153
888
-888
786
-786
164
-164
31
-31
35
-35
163
-163
542
-542
964
-964
197
-197
138
-138
275
-275
720
-720
651
-651
15
-15
1
-1
497
-497
779
-779
103
-103
56
-56
489
-489
661
-661
925
-925
37
-37
211
-211
100
-100
736
-736
73
-73
546
-546
775
-775
553
-553
992
-992
750
-750
525
-525
792
-792
202
-202
202
-202
460
-460
34
-34
813
-813
296
-296
708
-708
919
-919
165
-165
855
-855
674
-674
458
-458
478
-478
274
-274
381
-381
309
-309
299
-299
363
-363
857
-857
794
-794
808
-808
79
-79
385
-385
790
-790
34
-34
973
-973
928
-928
452
-452
832
-832
463
-463
689
-689
98
-98
873
-873
347
-347
223
-223
446
-446
60
-60
860
-860
24
-24
16
-16
487
-487
399
-399
298
-298
606
-606
952
-952
973
-973
868
-868
676
-676
824
-824
44
-44
355
-355
9
-9
231
-231
246
-246
645
-645
141
-141
948
-948
829
-829
961
-961
776
-776
352
-352
545
-545
115
-115
113
-113
635
-635
910
-910
421
-421
473
-473
567
-567
683
-683
628
-628
599
-599
277
-277
116
-116
984
-984
760
-760
52
-52
816
-816
44
-44
371
-371
337
-337
814
-814
873
-873
435
-435
531
-531
854
-854
194
-194
206
-206
109
-109
316
-316
148
-148
831
-831
40
-40
162
-162
784
-784
252
-252
241
-241
814
-814
5
-5
895
-895
969
-969
462
-462
335
-335
117
-117
508
-508
350
-350
101
-101
405
-405
490
-490
835
-835
395
-395
868
-868
773
-773
65
-65
398
-398
384
-384
777
-777
830
-830
494
-494
506
-506
861
-861
137
-137
161
-161
979
-979
237
-237
31
-31
967
-967
998
-998
853
-853
793
-793
80
-80
258
-258
392
-392
320
-320
549
-549
965
-965
264
-264
862
-862
399
-399
278
-278
853
-853
808
-808
376
-376
764
-764
511
-511
626
-626
554
-554
349
-349
862
-862
985
-985
779
-779
204
-204
41
-41
372
-372
799
-799
928
-928
264
-264
588
-588
107
-107
75
-75
788
-788
635
-635
220
-220
339
-339
488
-488
453
-453
760
-760
567
-567
244
-244
705
-705
168
-168
333
-333
733
-733
934
-934
340
-340
678
-678
679
-679
837
-837
235
-235
201
-201
936
-936
486
-486
333
-333
614
-614
391
-391
367
-367
282
-282
633
-633
298
-298
356
-356
76
-76
672
-672
162
-162
804
-804
58
-58
177
-177
143
-143
330
-330
661
-661
291
-291
836
-836
958
-958
952
-952
163
-163
411
-411
237
-237
828
-828
299
-299
65
-65
219
-219
759
-759
562
-562
646
-646
847
-847
798
-798
156
-156
838
-838
246
-246
216
-216
971
-971
530
-530
178
-178
833
-833
744
-744
347
-347
338
-338
44
-44
481
-481
780
-780
926
-926
823
-823
450
-450
830
-830
624
-624
512
-512
861
-861
667
-667
935
-935
221
-221
213
-213
467
-467
635
-635
31
-31
535
-535
112
-112
792
-792
285
-285
422
-422
47
-47
476
-476
56
-56
261
-261
202
-202
487
-487
119
-119
801
-801
689
-689
444
-444
604
-604
585
-585
742
-742
481
-481
861
-861
934
-934
384
-384
439
-439
825
-825
16
-16
838
-838
533
-533
482
-482
822
-822
401
-401
476
-476
92
-92
491
-491
332
-332
604
-604
705
-705
709
-709
280
-280
648
-648
767
-767
92
-92
253
-253
418
-418
436
-436
75
-75
524
-524
215
-215
135
-135
10
-10
339
-339
120
-120
82
-82
63
-63
896
-896
723
-723
902
-902
329
-329
677
-677
963
-963
164
-164
954
-954
694
-694
677
-677
133
-133
872
-872
7
-7
933
-933
627
-627
607
-607
168
-168
452
-452
431
-431
265
-265
652
-652
676
-676
240
-240
41
-41
45
-45
424
-424
967
-967
61
-61
234
-234
426
-426
873
-873
538
-538
803
-803
378
-378
42
-42
454
-454
689
-689
592
-592
8
-8
42
-42
886
-886
201
-201
447
-447
372
-372
628
-628
898
-898
498
-498
570
-570
461
-461
158
-158
76
-76
72
-72
459
-459
344
-344
461
-461
710
-710
150
-150
352
-352
813
-813
343
-343
168
-168
714
-714
970
-970